self.initial_point_parameters:[1.49346725e+01 3.74106440e+07]
MAP_logP:-8.09217073764382
self.map_parameter_set:[1.49346725e+01 3.74106440e+07]
