self.initial_point_parameters:[ 1.69109579e+01 -5.15031739e+07]
MAP_logP:-8.09217073764382
self.map_parameter_set:[16.91095792  0.        ]
