self.initial_point_parameters:[1.65957535e+01 1.04212387e+07]
MAP_logP:-8.09217073764382
self.map_parameter_set:[1.65957535e+01 1.04212387e+07]
