self.initial_point_parameters:[ 1.58228002e+01 -4.83342756e+07]
MAP_logP:-8.09217073764382
self.map_parameter_set:[15.82280019  0.        ]
